N1 <-
101L
x1 <-
c(-5, -4.9, -4.8, -4.7, -4.6, -4.5, -4.4, -4.3, -4.2, -4.1, -4, 
-3.9, -3.8, -3.7, -3.6, -3.5, -3.4, -3.3, -3.2, -3.1, -3, -2.9, 
-2.8, -2.7, -2.6, -2.5, -2.4, -2.3, -2.2, -2.1, -2, -1.9, -1.8, 
-1.7, -1.6, -1.5, -1.4, -1.3, -1.2, -1.1, -1, -0.9, -0.8, -0.7, 
-0.6, -0.5, -0.4, -0.3, -0.2, -0.1, 0, 0.1, 0.2, 0.3, 0.4, 0.5, 
0.6, 0.7, 0.8, 0.9, 1, 1.1, 1.2, 1.3, 1.4, 1.5, 1.6, 1.7, 1.8, 
1.9, 2, 2.1, 2.2, 2.3, 2.4, 2.5, 2.6, 2.7, 2.8, 2.9, 3, 3.1, 
3.2, 3.3, 3.4, 3.5, 3.6, 3.7, 3.8, 3.9, 4, 4.1, 4.2, 4.3, 4.4, 
4.5, 4.6, 4.7, 4.8, 4.9, 5)
y1 <-
c(-0.531835782493989, -0.733727535798277, -0.184071810796224, 
-0.543792009271572, -0.439191757450111, -0.689049256065781, -0.950620889155499, 
-0.215139866602234, -0.790383110550165, -0.910214663738481, -0.599557268280319, 
-0.909474172037466, -0.710779158559075, -0.623582027384553, -0.510002275517551, 
-0.246913045838671, -0.0471128173724669, 0.215706717322721, 0.837831545118052, 
1.23769578614107, 1.16330734067587, 1.34298123378997, 1.75039237657304, 
2.63107713861423, 1.65924161940367, 1.6146113224825, 1.85548331775645, 
1.56695914584625, 1.36816028285928, 1.62049493584594, 1.58409734728783, 
1.38998474460872, 0.713705858085454, 1.24881645664314, 0.354960992824758, 
0.823940200417008, 0.0707844211799594, -0.328170267959402, 0.0796498107260081, 
-0.62076287306292, -0.671893146084451, -0.594091425167685, -0.456248366673744, 
-1.64230235320617, -0.804379434850728, -0.482823777017564, -0.430024120588174, 
-0.0566094467992618, -0.332007378692513, 0.0285678381868745, 
-0.180126990440759, 0.726792126826668, 0.750252389164522, 0.97632142281235, 
1.63466050702238, 0.782639418119705, 1.04731820923707, 1.1243828374049, 
0.606839659234756, 0.940110146599365, 0.624296233330006, 0.719557011203404, 
0.953554395206411, 0.99733288889646, 0.630155903312308, 0.478508069313704, 
0.745573140511259, 0.779728385432979, 0.380041160438811, 1.1620427890502, 
0.835716673178778, 0.504009932824848, 0.601342672397659, 0.900653814526414, 
0.915664186785527, 0.348848126131919, 0.0880600606973442, 0.949791659915219, 
0.374306531479582, 0.646675346839421, -0.307879455970346, -0.173332459027397, 
0.441818400015488, 0.302079885022999, 0.243041247544015, 0.697051028355359, 
1.00659807418424, 0.715549885096766, 0.858750229710103, 0.737267219184929, 
0.256914910162526, 0.374953647523738, 0.288528905875178, 0.102660920586267, 
0.132387974612671, -0.378113023347809, 0.166046473122023, -0.285158576545071, 
-0.135826815856893, -1.0972269247961, -0.475744401013399)
N2 <-
161L
x2 <-
c(-8, -7.9, -7.8, -7.7, -7.6, -7.5, -7.4, -7.3, -7.2, -7.1, -7, 
-6.9, -6.8, -6.7, -6.6, -6.5, -6.4, -6.3, -6.2, -6.1, -6, -5.9, 
-5.8, -5.7, -5.6, -5.5, -5.4, -5.3, -5.2, -5.1, -5, -4.9, -4.8, 
-4.7, -4.6, -4.5, -4.4, -4.3, -4.2, -4.1, -4, -3.9, -3.8, -3.7, 
-3.6, -3.5, -3.4, -3.3, -3.2, -3.1, -3, -2.9, -2.8, -2.7, -2.6, 
-2.5, -2.4, -2.3, -2.2, -2.1, -2, -1.9, -1.8, -1.7, -1.6, -1.5, 
-1.4, -1.3, -1.2, -1.1, -1, -0.9, -0.8, -0.7, -0.6, -0.5, -0.4, 
-0.3, -0.2, -0.1, 0, 0.1, 0.2, 0.3, 0.4, 0.5, 0.6, 0.7, 0.8, 
0.9, 1, 1.1, 1.2, 1.3, 1.4, 1.5, 1.6, 1.7, 1.8, 1.9, 2, 2.1, 
2.2, 2.3, 2.4, 2.5, 2.6, 2.7, 2.8, 2.9, 3, 3.1, 3.2, 3.3, 3.4, 
3.5, 3.6, 3.7, 3.8, 3.9, 4, 4.1, 4.2, 4.3, 4.4, 4.5, 4.6, 4.7, 
4.8, 4.9, 5, 5.1, 5.2, 5.3, 5.4, 5.5, 5.6, 5.7, 5.8, 5.9, 6, 
6.1, 6.2, 6.3, 6.4, 6.5, 6.6, 6.7, 6.8, 6.9, 7, 7.1, 7.2, 7.3, 
7.4, 7.5, 7.6, 7.7, 7.8, 7.9, 8)
