N <-
100
count <-
c(48L, 57L, 48L, 62L, 48L, 53L, 63L, 47L, 49L, 57L, 52L, 59L, 
54L, 39L, 53L, 32L, 65L, 53L, 44L, 51L, 61L, 44L, 41L, 48L, 58L, 
76L, 42L, 46L, 53L, 41L, 44L, 35L, 53L, 62L, 60L, 67L, 39L, 48L, 
42L, 54L, 51L, 42L, 49L, 48L, 52L, 39L, 35L, 50L, 58L, 47L, 57L, 
40L, 64L, 53L, 64L, 54L, 51L, 39L, 44L, 37L, 54L, 39L, 58L, 57L, 
61L, 50L, 50L, 50L, 49L, 47L, 41L, 37L, 50L, 54L, 65L, 49L, 58L, 
50L, 49L, 59L, 52L, 55L, 55L, 45L, 45L, 42L, 43L, 50L, 50L, 37L, 
45L, 57L, 42L, 51L, 61L, 46L, 48L, 47L, 55L, 48L)
success <-
c(30L, 37L, 11L, 32L, 38L, 21L, 54L, 21L, 8L, 16L, 28L, 54L, 
45L, 9L, 16L, 10L, 55L, 25L, 3L, 25L, 10L, 29L, 25L, 40L, 18L, 
50L, 16L, 31L, 30L, 22L, 12L, 24L, 8L, 15L, 29L, 50L, 17L, 34L, 
8L, 32L, 3L, 14L, 27L, 33L, 18L, 18L, 11L, 12L, 17L, 20L, 43L, 
7L, 39L, 16L, 37L, 19L, 40L, 28L, 35L, 26L, 36L, 5L, 8L, 38L, 
25L, 37L, 16L, 8L, 16L, 38L, 30L, 18L, 29L, 42L, 34L, 25L, 24L, 
24L, 22L, 12L, 21L, 34L, 24L, 29L, 28L, 17L, 12L, 27L, 28L, 23L, 
18L, 48L, 20L, 37L, 5L, 19L, 9L, 30L, 14L, 18L)
x <-
c(0.746736835890072, 0.794663846127196, -1.10681478073866, -0.21895765320311, 
0.332880711365212, -0.0828302796639737, 1.61302688765762, 0.619546222729283, 
-1.73828651526134, -1.06604311403658, 0.151794889321255, 2.11315930271186, 
1.43697824331966, -1.3164697475368, -0.687789916302235, -0.676216641370917, 
1.82328984293559, 0.485487495644078, -1.71687140571246, -0.251345968056037, 
-0.986783800643856, 1.10402079334614, 0.651831967894205, 1.12513546327398, 
-0.552710725875267, 0.772757326074195, -0.679507153518218, 0.809597984606895, 
0.0649011452040614, 0.109564197523531, -1.3059326500593, 0.200021801484856, 
-2.19045756688658, -1.31856864442368, 0.480421243869328, 0.698855306073329, 
-0.350651741042123, 0.649891518541946, -1.52045369697031, 0.310808966203949, 
-1.95518454389706, -0.177531882830014, 0.1467818448756, 0.993281127434388, 
-0.372875600808437, 0.135569976081791, -0.595911743781524, -1.2665186951257, 
-0.565739211079351, -0.115990645644509, 0.974661320971347, -0.984551168121223, 
0.482488117625405, -0.20785524098621, 0.399146493073512, -0.30029625154272, 
1.6951137624409, 1.01662968095315, 1.08727371080534, 1.07284194769054, 
0.499861225519656, -1.60575909755487, -1.94735969706832, 0.614096934570839, 
-0.636219433510152, 0.85430746333615, -0.396768146351697, -1.689711032427, 
-0.0492199906730377, 1.123374160788, 0.41468692123529, -0.609981227764784, 
-0.116714494707165, 1.11660443464912, 0.0195056702994263, -0.0576403258071136, 
-0.26480812154109, -0.457736791448373, -0.150796171977709, -1.41708535321138, 
-0.908694283329605, 0.827312094336875, 0.163121312257572, 0.59224695461003, 
0.772555743868745, -0.191816021197719, -1.10977715372336, -0.2292155602646, 
-0.228590429814612, 1.14278724306952, -0.381506239888482, 1.55768230780999, 
-0.00370546469310564, 0.68538987661553, -2.18765837807281, -0.485797872497426, 
-1.50031873669559, 0.768434194066528, -1.08004200142173, -0.597908836941423
)
