N <-
75
group <-
c(1, 1, 1, 1, 1, 1, 1, 1, 1, 1, 1, 1, 1, 1, 1, 1, 1, 1, 1, 1, 
1, 1, 1, 1, 1, 1, 1, 1, 1, 1, 1, 1, 1, 1, 1, 2, 2, 2, 2, 2, 2, 
2, 2, 2, 2, 2, 2, 2, 2, 2, 2, 2, 2, 2, 2, 2, 2, 2, 2, 2, 2, 2, 
2, 2, 2, 2, 2, 2, 2, 2, 2, 2, 2, 2, 2)
y <-
c(64.5093686286657, 62.7422602334149, 31.9049367915397, 48.9060811382208, 
41.9881864319416, 41.8532144050851, 88.1231484469068, 65.2506490880301, 
35.0326657264003, 47.2800222158762, 53.9751310854462, 72.3800636959977, 
72.8040869266196, 31.5098686291727, 57.3965981723007, 39.2786755007745, 
100.041535337754, 61.2378468583439, 36.4716074336995, 23.9779099422857, 
33.368668520373, 52.556487059845, 72.9986898472114, 57.916527932049, 
38.5344330685739, 63.0779792153016, 56.0755701029857, 63.655181163328, 
76.8676083384965, 53.0370473130976, 40.5960128300555, 79.5741886752246, 
16.9497144539463, 33.8815701977867, 60.0047691958281, 20.9914925740848, 
-5.45822388398216, 6.51839445750106, -17.5733391541838, 20.5778475946753, 
-29.3029213323291, 21.0197276802526, 1.30524137269461, 17.3499173145478, 
-5.18817802935871, 2.27941903836082, 1.09712419428974, -10.0663495201719, 
-6.57432159078057, -9.847088150379, 24.3675740886252, -1.5631144730251, 
8.15336921019671, 2.5136130734141, 0.955044652407512, -14.5884115564303, 
23.5351141422252, 23.7704475762457, 33.0646018684439, 31.3835324269111, 
22.202793284337, -14.3072836834327, -35.7430525599804, 6.71315361767649, 
-8.97806244120863, 2.76670008654708, -14.1475481757852, -41.2588576118777, 
14.6458930161295, 10.250616360543, 7.13018867447486, -4.3222739583128, 
-3.14537506524994, 19.176038312563, 12.4956276642949)
x <-
c(19.4235967419289, 17.3519187845891, 15.4226320855163, 18.4920382802229, 
5.82914646788617, 10.913057166704, 28.2731209433687, 21.6312131225757, 
25.9224695461003, 27.7255574386874, 18.0818397880228, 8.90222846276644, 
17.707844397354, 17.7140957018539, 31.4278724306952, 16.1849376011152, 
35.5768230780999, 19.9629453530689, 26.8538987661553, -1.87658378072809, 
15.1420212750257, 4.99681263304405, 27.6843419406653, 9.19957998578274, 
14.0209116305858, 17.9055161034905, 30.2234811714659, 17.9260094951872, 
38.2450759670297, 17.8279869585372, 25.1541688174542, 38.8115513774598, 
16.5054816310376, 19.7167498867849, 18.9987087814902, 11.8641712712689, 
25.2480597104379, 29.0374729007852, 18.4581671245364, 5.10535862297998, 
24.9689414673415, -4.6033824033785, 26.1206078755492, 21.93662449621, 
24.4938050215402, 24.6926632535825, 12.4552495612343, 13.835711366608, 
22.6102917807379, 35.1340355821392, 12.8154321574313, 8.49355868900844, 
23.8549406927305, 17.9606978897409, 31.2901909296189, 37.6049597291119, 
27.3644903679855, 14.3487470475645, 4.05562974204534, 5.88637098555873, 
6.61890637307227, 12.7761215251372, 33.1658213799445, 28.1228755011076, 
24.2934636731954, 37.5598898293689, 35.2450324756372, 44.8914901568409, 
5.76975890471867, 33.2499950640963, 23.8626439300681, 18.9656944273013, 
26.7433220558031, 21.9662852589672, 9.74619673774556)
