y <-
c(61L, 61L, 47L, 53L, 55L, 68L, 60L, 42L, 52L, 71L, 66L, 46L, 
61L, 63L, 50L, 43L, 52L, 64L, 60L, 64L, 51L, 52L, 62L, 56L, 56L, 
46L, 53L, 46L, 67L, 72L, 54L, 48L, 58L, 41L, 63L, 57L, 40L, 57L, 
51L, 51L, 55L, 63L, 48L, 58L, 57L, 53L, 68L, 63L, 64L, 64L, 59L, 
70L, 55L, 43L, 53L, 56L, 46L, 59L, 51L, 53L, 56L, 55L, 54L, 52L
)
